15
26
32
144
96
261
164
75
151
246
406
357
253
114
132
48
98
313
9
51
86
22
173
162
394
255
28
208
381
352
410
78
198
274
376
312
134
275
121
398
374
276
304
222
389
71
91
316
191
25
93
125
197
77
310
83
31
213
340
54
308
335
371
41
390
307
324
112
50
123
223
315
293
360
224
358
129
90
250
382
158
210
384
109
215
170
88
24
115
155
225
182
150
181
392
138
331
53
199
79
365
388
329
271
130
303
359
379
2
289
17
23
387
39
411
110
220
139
283
29
52
165
20
350
45
8
3
385
372
140
7
72
326
330
341
301
102
403
192
13
106
257
344
238
180
269
397
412
92
185
163
205
34
105
169
214
190
194
323
211
116
37
337
221
254
58
265
66
189
288
33
235
279
167
113
152
4
122
154
256
418
133
227
292
325
319
160
346
230
85
80
353
30
65
108
377
231
258
298
81
278
159
405
87
281
202
131
216
306
171
302
252
124
383
14
62
68
417
408
333
314
44
172
187
236
147
5
264
343
345
338
299
40
287
320
297
128
6
59
328
176
369
363
400
73
101
111
16
35
263
